Used Annotations descriptions: [np.str_('S 11'), np.str_('S 22'), np.str_('S 33')]
1856 4856
5064 7906
7906 10906
11111 13902
13902 16902
17109 19151
19151 22151
22358 24246
24246 27246
27451 31086
31086 34086
34292 36363
36363 39363
39568 41980
41980 44980
45186 46816
46816 49816
50023 52104
52104 55104
55310 57118
57118 60118
60325 62707
62707 65707
65913 67615
67615 70615
70822 73287
73287 76287
76493 78506
78506 81506
81712 83376
83376 86376
86582 88489
88489 91489
91694 94544
94544 97544
97750 101788
101788 104788
104994 107189
107189 110189
110394 112478
112478 115478
115685 118312
118312 121312
121517 123053
123053 126053
126260 129550
129550 132550
132755 136227
136227 139227
139432 142902
142902 145902
146108 148380
148380 151380
151585 154748
154748 157748
157953 160305
160305 163305
163511 165836
165836 168836
169041 172974
172974 175974
176182 178373
178373 181373
181581 185017
185017 188017
188224 190273
190273 193273
193481 196183
196183 199183
199387 202071
202071 205071
205277 209192
209192 212192
212397 214863
214863 217863
218070 221802
221802 224802
225008 228129
228129 231129
231336 235050
235050 238050
238254 241354
241354 244354
244559 246270
246270 249270
249476 251741
251741 254741
254946 256479
256479 259479
259685 261122
261122 264122
264328 266808
266808 269808
270015 272454
272454 275454
275660 277922
277922 280922
281128 283842
End of data:  283842 => fpr point 48
283842 286842
287048 288565
288565 291565
291770 293867
293867 296867
297074 299153
299153 302153
302360 304366
304366 307366
307572 309588
309588 312588
312792 314793
314793 317793
318001 319913
319913 322913
323118 325218
325218 328218
328424 332212
332212 335212
335417 336680
336680 339680
339886 341991
End of data:  283842